0.05335 5 220 0.0013899 2.8976e-08
0.05276 5 216 0.0016755 1.9329e-08
0.052302 5 218 0.0016755 1.9328e-08
0.047902 5 198 0.0016754 1.9327e-08

0.039321 8 8 0.037657 1.0666e-05
0.045166 8 8 0.014016 1.1502e-06
0.044007 8 8 0.014018 1.1503e-06
0.045943 8 8 0.014017 1.1503e-06



12.8555 51 3483 1.8442e-05 1.9683e-10
14.3405 52 3577 0.00023209 3.3844e-08
15.2792 52 3583 0.00023599 3.4359e-08
13.1733 52 3584 0.00023599 3.4359e-08

11.1372 50 50 0.00087966 3.5375e-07
12.5966 54 54 0.0021259 2.6081e-06
11.6961 54 54 0.00012077 1.3068e-08
11.1265 52 52 0.0093561 7.5899e-05

