test0.032466 6 6 5.8561e-07 1.478e-11
0.040639 6 6 4.7925e-09 1.8151e-12
0.029333 6 6 4.7925e-09 1.8151e-12
0.028491 6 6 4.7925e-09 1.8151e-12

445 5 287 2.4258e-11 8.9776e-12
0.043884 5 285 3.3401e-12 1.7594e-12
0.030342 5 285 1.0933e-11 1.7594e-12
0.033158 5 285 1.1044e-11 1.7594e-12

0.034022 7 7 8.2215e-06 1.0484e-12
0.033859 6 6 6.3784e-08 9.3255e-12
0.032244 6 6 6.3784e-08 9.3255e-12
0.031769 6 6 6.3784e-08 9.3255e-12

0.024189 4 215 1.15e-05 2.0581e-12
0.027899 4 216 3.5543e-05 3.6837e-11
0.024366 4 216 3.5543e-05 3.6838e-11
0.023997 4 216 3.5543e-05 3.6838e-11



0.036794 7 7 0.015239 8.0349e-06
0.034804 7 7 0.0073469 2.0535e-06
0.034536 7 7 0.0073475 2.0537e-06
0.034605 7 7 0.0073474 2.0537e-06

0.030963 4 211 0.00036684 2.5263e-08
0.031672 5 214 0.00062727 7.0304e-09
0.029249 5 203 0.00062725 7.0291e-09
0.035163 5 230 0.00062744 7.0334e-09


0.024667 4 145 0.0017505 1.2257e-07
0.023302 4 145 0.0017505 1.2257e-07
0.028341 4 145 0.0017505 1.2257e-07
0.024557 4 145 0.0017505 1.2257e-07

0.26782 46 46 956.1221 773505.5843
0.2819 46 46 956.1221 773505.5843
0.27541 46 46 956.1221 773505.5843
0.26893 46 46 956.1221 773505.5843
