0.12152 10 573 0.00072833 2.6046e-08
0.12722 10 562 0.02492 1.7078e-05
0.12121 10 574 0.032733 4.5999e-05
0.12263 10 574 0.032733 4.5999e-05

0.47981 20 1284 0.00038 2.5525e-08
0.49429 21 1362 0.0003284 1.2395e-08
0.50868 21 1366 0.00027174 7.8991e-09
0.49808 21 1366 0.00027174 7.8991e-09

1.287 28 1863 0.00011246 5.8428e-09
1.2659 28 1885 0.0058657 7.8918e-06
1.2639 28 1852 0.0060924 8.3663e-06
1.2589 28 1857 0.0060924 8.3663e-06

2.8485 34 2273 0.00011105 6.6846e-09
2.8985 35 2319 0.00013397 5.5105e-09
3.0841 35 2358 0.00013334 5.6035e-09
3.2624 35 2311 0.00013328 5.6034e-09

7.0757 41 2774 1.7894e-05 1.037e-10
6.7027 42 2874 0.0022414 2.2083e-06
7.6407 42 2862 0.00018284 8.847e-09
7.9757 42 2862 0.00018284 8.847e-09

