0.071793 9 9 1.8935e-05 3.4861e-12
0.056168 10 10 1.5836e-05 8.7486e-12
0.044967 9 9 7.3244e-05 2.8783e-10
0.049117 10 10 1.7625e-06 4.996e-14

0.049811 6 362 4.311e-07 1.6653e-14
0.043422 6 343 3.9026e-07 2.7756e-14
0.052537 6 345 6.4264e-08 1.6653e-13
0.049027 6 354 3.92e-07 1.9429e-13


0.039179 8 8 0.00031804 1.936e-09
0.039797 8 8 7.0172e-05 1.0527e-10
0.048441 7 7 0.00099279 4.7226e-08
0.044695 8 8 0.00019826 5.0218e-10

0.042619 7 356 5.0598e-07 1.1102e-14
0.064393 7 325 3.9416e-07 4.4409e-14
0.047963 7 357 1.1669e-06 1.1102e-14
0.04887 7 356 1.5411e-06 2.2204e-14


0.30185 59 59 1036.0738 94148.0598
0.29966 58 58 1008.2963 87151.6733
0.36078 57 57 1167.4293 117503.0707
0.39694 62 62 1060.6515 99086.4823

0.40466 53 2989 1062.0212 99343.502
0.47852 55 3117 1043.5614 95731.5825
0.37604 51 2856 1078.1006 102268.3898
0.43189 51 2847 1078.1006 102268.3962


