0.053512 0.055229 0.054329 0.053929
0.052536 0.055889 0.052128 0.050505
0.0089528 0.010336 0.010827 0.012307
0.0012661 0.0014617 0.0015312 0.0017405
8.0153e-05 0.00010683 0.00011722 0.00015147
0.035826 0.034455 0.032907 0.033636
0.073797 0.076232 0.076664 0.081904
50 50 50 50

7.22 7.3 7.4 7.4
7 7 7 7
0.61578 0.7354 0.90351 0.90351
0.087084 0.104 0.12778 0.12778
0.37918 0.54082 0.81633 0.81633
6 6 6 6
8 9 9 9
50 50 50 50

383.32 391.22 390.14 390
360 371.5 360 361.5
57.3871 59.3795 67.1672 67.739
8.1158 8.3975 9.4989 9.5797
3293.2833 3525.9302 4511.429 4588.5714
266 290 260 262
510 528 505 529
50 50 50 50





0.036667 0.038853 0.037588 0.038386
0.03534 0.036238 0.034443 0.035042
0.0067921 0.0092419 0.0082346 0.0088023
0.00096055 0.001307 0.0011645 0.0012448
4.6133e-05 8.5413e-05 6.7808e-05 7.7481e-05
0.026532 0.025533 0.025224 0.025123
0.064237 0.068586 0.069232 0.068471
50 50 50 50

6.8 6.86 6.86 6.84
7 7 7 7
0.80812 0.80837 0.80837 0.81716
0.11429 0.11432 0.11432 0.11556
0.65306 0.65347 0.65347 0.66776
6 5 5 5
10 10 10 10
50 50 50 50

6.8 6.86 6.86 6.84
7 7 7 7
0.80812 0.80837 0.80837 0.81716
0.11429 0.11432 0.11432 0.11556
0.65306 0.65347 0.65347 0.66776
6 5 5 5
10 10 10 10
50 50 50 50





0.032872 0.033798 0.032406 0.03269
0.032592 0.032657 0.032977 0.033371
0.0082091 0.01006 0.0083446 0.0085815
0.0011609 0.0014226 0.0011801 0.0012136
6.7389e-05 0.0001012 6.9632e-05 7.3643e-05
0.019616 0.02097 0.021699 0.021157
0.052412 0.071577 0.067152 0.066637
50 50 50 50

5.3 5.42 5.42 5.42
5 5 5 5
0.64681 0.70247 0.70247 0.70247
0.091473 0.099345 0.099345 0.099345
0.41837 0.49347 0.49347 0.49347
4 4 4 4
6 8 8 8
50 50 50 50

256.76 260.7 261.74 260.9
273.5 275.5 275.5 274.5
43.2145 53.4745 54.4141 52.8035
6.1115 7.5624 7.6953 7.4675
1867.4922 2859.5204 2960.8902 2788.2143
193 198 199 197
358 500 517 503
50 50 50 50





0.046049 0.045978 0.044974 0.048502
0.044715 0.043934 0.044792 0.046289
0.0077209 0.008618 0.0075065 0.010847
0.0010919 0.0012188 0.0010616 0.001534
5.9613e-05 7.427e-05 5.6348e-05 0.00011766
0.033034 0.032843 0.0326 0.033415
0.065073 0.067949 0.066542 0.085699
50 50 50 50

8.3 8.22 7.92 8.62
8 8 8 8
0.88641 0.86402 0.87691 1.2103
0.12536 0.12219 0.12401 0.17117
0.78571 0.74653 0.76898 1.4649
7 7 6 7
10 10 10 12
50 50 50 50

8.3 8.22 7.92 8.62
8 8 8 8
0.88641 0.86402 0.87691 1.2103
0.12536 0.12219 0.12401 0.17117
0.78571 0.74653 0.76898 1.4649
7 7 6 7
10 10 10 12
50 50 50 50





